29 96 70
15 79 96
51 35 8
66 22 89
99 4 31
28 45 40
5 11 19
10 54 64
68 24 42
37 73 25
45 61 62
61 16 21
53 77 96
13 49 19
3 91 28
29 72 83
62 14 29
71 42 74
78 48 57
61 38 73
9 30 86
38 29 77
47 99 84
50 95 83
88 85 6
79 63 60
6 50 8
97 5 82
25 66 13
46 54 37
90 72 3
73 65 11
22 56 25
45 48 1
6 14 68
75 88 73
17 52 90
17 35 71
13 89 54
43 100 20
44 31 87
58 26 29
13 9 60
97 84 33
55 61 38
25 76 61
84 45 43
44 89 59
12 45 81
1 63 30
11 87 41
10 43 1
12 7 53
36 78 97
17 49 91
17 20 33
69 34 80
83 2 50
15 9 98
72 83 45
84 38 38
35 94 77
60 93 17
73 51 20
96 45 80
84 74 94
63 66 74
33 14 3
30 36 28
98 86 93
39 30 3
73 53 54
15 93 48
59 59 27
86 52 23
100 49 53
51 71 53
13 37 14
33 84 26
74 59 27
4 38 14
33 57 30
24 22 52
32 47 80
91 11 81
27 69 11
25 43 100
15 94 73
17 23 89
22 82 85
58 18 36
62 86 36
65 55 41
43 46 90
55 63 27
38 31 93
100 83 45
70 83 67
84 15 32
29 31 73
